50 0
1 1 1 1 0
150
0 0 0 0 0 0

100 30
....................................................................................................
2222222222222222222222222222222222222222222222222222222222222222222222222222222222222222222222222222
2222222222222222222222222222222233322222222222222222222222222222222222222222222222222222222222222222
3322222222222223322222222222222222222222222222222222222222222233222222222222222222222222322222000000
2222222222222222222222221122222222222222221122222200000222222222222222222211222222222222222211222222
2322222222222222222222222222223322200000222222223322222222222222222222222222222233222222222222222222
2322212222222222000002222122222222222222222222222222222122222222222233222221222222000000222222222222
2222222111222222222222222222222222233222222222000022222221112222222222222222222222222332222222222222
2222222222222222222222112222222222222222222222322222222222222000002222221122221121222222222222233222
2222222222222222222222222222222220000000002222222222233322222222222222000002222222222222222222222222
2222222222222233322222222222333332222222222222222222222222222222333222222222223333322222222222222222
1122222222222233222222222222222222222222212121222211222222222222332222222222222200000002222121212222
2222222222222222222222222442222222220000002222222222222222222222222222222244222222222222222222222222
2224422222220000022222221122222222222233222222333322222222000000000222222222000000022224422222222222
2222422222222222122222222222222222222222222222222222222222222022222222222222222222222222222222222222
2222222222222222200000222222222233222222222000022222222222220302222220444022222222220000222222222244
2222212222222222222222442222222223222222222044022222222122222022222222222222222244222222222222222222
2222222232222111222222222222222222222222222000022224422222222222222220000000222222222223322222222222
0000000222222222222222200000000002222222222222222222222222220000002222222222222222222223222222222222
2222422222222222222222222222422222222222424222222220000222222222222222223332222222222222224242222222
2222422222222224442222222222222222222222242222222222222222222222222222222222220000000002222422222222
2222222222233322222222222225222222222222222222252222222222222244422222222222252222222222222222222222
2222112222222222222000002222222222222222252222222222221122222222222222222222222222224422222222222252
2222222222000000022222222222222233222222222200000002222222222222222200000222222222222422222222222222
2222222522222222222222222222222222222222222222222222222225222222222332222222442000000022222222222222
2222222222222222222222222444222222222442225222222222222222222222222222222222222222222224422222252222
2252222222222222221222222224222222222000000002222222522000000022222212222222222222222222222222222222
2222222222332222222222222222252222222222222222222222222222222222222222222222222200044400022222222222
2222222222222222222222222222222222222222222222222222222222222222222222522222222222222222222222225222
2222212152121222252222222222222222252222222222222222222121121212222222222222222222522222222222222222
B 20 10
F 58 15 0 1
B 15 25
T 87 27
B 70 15
B 93 25
B 66 21

